$ 1 0.000005 10.20027730826997 50 5 43 5e-11
g 128 368 128 384 0 0
s 64 304 96 304 0 1 false
R 48 304 16 304 0 0 40 5 0 0 0.5
R 48 256 16 256 0 0 40 3.8 0 0 0.5
d 112 240 144 240 2 spice-default
f 128 304 128 256 33 1.5 0.02
w 48 256 112 256 0
w 48 304 64 304 0
w 96 304 128 304 0
w 112 240 112 256 0
w 144 240 144 256 0
d 128 304 176 304 2 default
r 128 304 128 368 0 100000
368 224 256 256 256 0 0
w 144 256 192 256 0
w 176 304 192 304 0
w 192 304 192 272 0
w 192 272 192 256 0
r 224 256 224 368 0 2.25
g 224 368 224 384 0 0
w 192 256 224 256 0

